0
1
2
3
4
5
6
7
8
9
10
11
12
13
13
14
15
16
17
18
19
20
21
22
23
24
25
26
27
28
8
29
30
31
32
33
34
35
36
37
38
35
0
39
40
41
42
16
43
44
45
46
47
48
49
50
51
52
53
54
55
56
57
58
59
60
61
62
8
63
64
55
65
66
67
68
69
70
39
39
71
72
55
73
74
75
76
77
78
79
80
81
82
82
83
84
16
85
86
17
87
88
89
90
91
92
93
94
95
16
96
97
98
99
100
101
102
55
103
104
105
106
107
70
108
109
108
110
111
78
112
113
114
115
116
117
118
46
119
120
22
121
122
123
124
86
125
126
127
128
129
130
131
132
133
134
135
136
108
137
138
127
139
140
141
142
143
144
145
146
147
8
109
148
149
55
147
130
150
151
152
94
153
154
155
156
157
84
158
159
160
100
161
162
84
16
55
163
164
109
46
46
165
71
166
11
167
20
20
168
169
170
171
172
157
173
174
16
175
176
177
178
179
180
181
182
183
184
185
186
187
188
189
190
191
192
70
193
194
195
55
196
197
198
199
131
200
201
202
203
204
205
206
207
20
208
209
209
210
211
212
213
20
177
214
195
215
216
217
114
28
218
219
220
221
220
91
222
175
175
223
224
225
226
8
227
228
229
15
230
231
56
232
233
153
234
235
104
236
237
238
20
135
128
146
192
84
239
240
241
16
242
42
243
244
84
77
109
131
245
246
109
247
248
249
250
251
134
252
86
46
253
127
254
255
256
257
258
259
260
238
261
262
16
263
264
265
266
267
131
16
268
269
270
271
247
272
55
273
131
274
275
127
16
276
277
131
27
67
278
279
109
28
8
280
281
282
283
284
285
286
287
288
22
246
289
16
231
290
101
291
292
293
294
295
296
297
55
298
21
299
84
292
300
301
302
303
304
305
16
16
128
306
307
308
95
309
310
311
299
312
244
313
36
127
314
127
127
104
315
307
7
316
317
318
319
320
321
322
20
323
324
325
16
326
327
328
329
330
220
259
331
215
332
333
334
335
335
55
336
337
100
338
177
339
340
341
342
282
343
344
345
346
347
348
16
323
84
70
349
350
217
259
127
351
352
353
348
354
355
22
356
357
358
359
360
361
362
363
364
365
366
344
16
367
188
207
15
368
315
369
370
22
371
372
373
43
374
375
376
71
108
68
377
378
379
217
21
380
381
340
382
383
384
131
38
347
39
385
386
387
388
389
390
391
392
393
394
386
395
109
396
397
21
398
399
400
401
402
203
300
130
403
404
96
405
369
11
270
259
406
130
342
407
408
409
410
171
208
32
411
125
412
413
414
415
416
417
417
121
401
55
409
418
16
419
420
421
16
422
423
409
424
425
22
426
427
428
429
430
431
432
433
434
435
436
436
437
390
366
438
439
440
441
442
84
16
173
443
192
131
444
199
445
446
447
16
448
301
449
450
177
451
452
71
453
454
77
455
456
457
458
0
459
292
460
104
461
142
20
462
463
16
109
323
464
465
466
467
468
469
470
84
471
472
473
474
466
475
476
477
478
26
268
479
480
481
482
42
483
484
485
486
487
488
389
255
86
27
489
107
490
491
492
493
86
494
495
133
496
318
247
497
498
499
292
500
109
56
208
318
501
502
40
503
504
505
370
506
56
71
55
60
109
507
508
16
509
510
511
512
450
8
62
482
513
514
515
513
516
77
517
518
519
261
520
521
522
523
524
525
476
365
71
399
190
526
527
230
528
496
505
529
530
39
531
278
532
16
533
534
510
292
22
535
536
537
538
109
539
251
540
541
346
542
70
362
543
544
453
108
545
546
546
282
16
182
547
547
548
549
550
551
26
552
209
134
460
553
8
554
555
556
557
142
261
558
163
559
560
8
561
344
242
562
563
564
565
566
567
568
154
569
547
564
570
430
571
20
572
573
574
399
575
576
577
578
579
80
577
545
305
580
198
581
582
583
584
431
585
15
225
586
577
67
587
588
589
39
590
591
281
283
592
518
207
593
594
265
595
596
84
597
207
598
101
95
599
600
601
335
55
602
603
604
440
605
340
606
607
55
199
365
608
609
557
323
529
610
571
571
611
612
132
613
614
615
616
199
617
618
619
620
621
480
622
16
623
441
577
70
70
30
11
16
624
625
626
627
440
440
299
108
628
629
630
631
632
130
633
634
635
77
636
637
638
639
8
405
588
640
641
642
643
644
16
645
365
114
637
495
646
621
349
133
133
318
647
648
16
649
206
650
651
177
499
652
20
198
174
208
143
653
600
654
655
365
206
338
20
302
656
656
657
361
658
659
39
660
661
245
662
68
533
28
223
223
663
664
55
665
230
166
20
168
132
84
131
666
510
667
390
668
126
530
121
669
241
670
671
340
672
248
673
674
675
675
676
175
677
678
679
623
301
16
365
133
39
680
681
565
682
456
16
197
86
365
133
683
684
84
20
685
686
299
170
55
195
687
688
668
689
20
334
621
690
542
691
481
16
15
692
32
693
59
694
22
16
695
696
595
697
483
698
426
224
699
700
701
26
702
323
250
16
207
399
424
703
697
704
705
706
607
707
708
255
16
709
710
711
712
281
1
340
609
713
714
715
716
717
718
719
28
16
135
720
230
40
246
318
16
230
77
721
722
723
724
40
15
128
249
496
725
726
46
727
728
729
285
245
436
638
730
318
28
612
731
55
732
16
733
734
344
735
736
70
737
131
738
521
282
16
739
740
344
20
741
282
742
20
15
373
94
743
248
744
510
745
746
365
747
748
69
55
228
749
750
751
752
753
16
108
754
755
756
757
758
759
760
761
762
763
764
765
766
767
768
769
16
182
16
623
770
16
668
185
771
772
773
401
774
775
638
776
202
777
109
778
55
55
779
430
769
687
780
371
112
436
22
55
365
131
781
230
782
162
285
94
728
55
39
783
148
148
784
785
261
786
787
335
788
789
258
281
55
55
104
790
791
443
792
373
793
249
748
794
795
423
161
796
797
638
305
665
209
798
799
223
530
761
55
800
801
22
464
16
682
258
802
803
804
108
805
806
416
297
250
807
808
809
283
131
495
810
195
114
623
811
508
812
723
813
16
244
90
814
48
815
571
571
39
816
243
817
244
818
90
819
16
820
682
308
154
90
821
785
822
823
490
824
131
232
740
16
223
428
86
172
825
499
225
393
77
77
826
827
346
241
828
641
116
206
596
448
829
830
417
831
832
833
316
162
85
499
135
834
133
835
836
796
638
627
56
837
838
839
840
16
841
111
16
8
46
545
842
40
270
843
844
638
845
846
847
550
848
481
638
49
340
849
850
453
61
851
368
86
852
340
853
250
268
854
16
107
855
288
288
201
107
250
856
857
858
344
177
208
131
859
16
261
127
550
55
443
84
860
861
862
863
510
250
448
530
864
865
355
55
703
405
866
867
377
868
869
870
871
195
16
872
646
785
873
134
835
874
875
22
282
876
571
877
282
27
262
878
21
16
209
879
880
0
881
882
186
522
206
883
211
884
885
886
16
887
346
791
22
15
638
80
888
209
39
889
733
890
583
891
361
67
515
892
318
893
495
894
323
16
895
607
896
533
772
806
506
897
898
899
209
77
900
313
71
399
131
146
901
902
623
15
903
668
465
20
904
56
55
241
16
905
261
906
622
907
560
806
908
547
909
910
879
399
16
911
912
913
914
812
506
822
265
208
463
915
96
365
916
917
889
918
919
133
39
258
918
920
633
921
8
0
96
922
208
560
923
271
641
361
924
283
435
769
925
926
28
927
27
77
77
261
928
40
261
559
40
929
796
53
930
641
112
931
808
927
932
932
933
812
934
40
935
887
217
936
937
938
936
379
898
785
672
384
157
108
490
545
939
39
665
574
459
72
372
39
940
104
96
941
942
943
944
209
945
926
946
947
128
948
668
247
949
950
951
952
953
954
955
542
258
55
182
956
545
957
20
433
182
530
206
16
958
488
393
27
959
342
960
443
961
962
832
131
963
964
965
966
195
769
70
607
131
967
456
133
968
198
668
969
185
970
971
972
973
607
974
49
571
672
530
380
40
975
976
16
171
977
133
978
677
450
979
266
980
981
982
323
983
984
985
133
986
987
731
130
39
879
988
989
16
201
71
399
441
990
86
195
974
991
251
16
559
16
992
40
869
546
993
492
994
995
495
385
996
596
997
68
998
166
685
297
207
399
320
999
1000
986
1001
1002
805
506
638
725
1003
399
128
109
1004
493
894
282
1005
1006
1007
620
198
552
196
84
1008
1009
1010
16
839
1011
1012
356
953
133
133
786
608
1013
802
128
802
1014
16
16
63
8
300
202
510
1015
16
1016
510
399
1017
1018
938
1019
55
1020
16
414
1021
101
918
897
1022
132
399
399
55
55
638
835
70
1023
1024
122
226
1025
620
86
509
674
1026
1027
348
807
533
16
848
1028
344
253
1029
57
1030
440
0
16
1031
71
347
1032
8
559
769
972
1033
253
404
56
1034
203
1035
384
1036
1037
481
1038
1039
650
107
26
572
365
1040
1041
1042
71
1043
612
481
195
365
448
131
1044
131
16
552
894
231
545
1045
623
323
1046
549
131
107
1047
443
1048
1049
920
208
775
1050
1051
55
96
1052
1053
1054
692
536
506
16
533
1055
130
16
802
497
8
785
1056
1057
1058
961
1059
1010
1060
1061
1062
456
231
645
481
958
708
195
744
982
982
1063
71
914
1064
590
877
997
1065
133
1066
133
466
55
20
586
35
723
658
1067
577
214
723
133
1068
1069
11
1070
168
148
1071
217
1072
171
72
1073
1074
577
39
321
1075
324
28
589
299
414
334
205
16
133
1076
1077
107
1078
545
638
1079
648
78
1062
1043
16
27
22
433
826
223
163
1080
131
1081
534
1082
198
789
1083
461
1084
55
1085
230
399
588
1086
82
1087
16
55
1088
1089
129
16
195
1090
199
440
785
1091
1092
544
1093
1094
1095
1096
1097
1003
203
571
16
1098
399
1099
621
585
16
674
69
1100
1101
176
379
67
1021
409
357
133
133
1102
1103
771
510
207
1104
789
16
15
1105
1106
441
16
346
1107
8
1108
137
1109
1110
1012
1111
1112
86
668
1095
429
414
1113
684
481
39
623
169
198
177
177
132
107
16
28
96
1114
982
497
77
96
1115
1116
1117
1118
665
1119
1120
104
1121
804
1122
1123
1124
16
132
46
365
977
96
1125
365
135
1126
1127
108
494
299
1128
131
487
105
897
1129
1130
237
108
733
665
711
1008
879
543
55
1024
484
1131
430
433
356
1132
444
245
1133
538
16
56
946
807
863
1134
67
94
1135
1136
190
47
1137
546
1138
1139
1140
77
499
202
1141
1142
1143
510
1080
530
248
16
55
235
740
1144
1145
1146
16
974
1147
60
1148
1149
40
16
450
127
16
1150
1151
437
524
550
456
450
1152
42
107
348
953
143
143
1153
279
953
925
68
1154
1155
1156
348
417
198
1157
1052
223
1158
12
1159
415
1160
494
305
450
39
1161
208
55
146
1162
859
802
209
32
1163
1164
348
1165
30
86
1166
1028
1167
77
1010
559
1168
195
545
107
437
365
518
685
195
962
522
675
282
1169
697
1170
1171
1172
38
198
219
96
533
195
1139
1173
47
1056
114
1174
226
133
20
171
253
198
1175
519
559
748
1176
279
533
161
1177
1178
71
166
1179
1180
55
1181
248
559
953
1182
869
16
1183
537
440
606
1184
1185
77
1080
201
134
372
225
838
101
1186
40
1187
1188
925
95
100
55
104
1189
925
1190
104
128
773
1191
77
1192
1193
1194
39
16
679
168
804
16
1195
1196
1137
1197
171
16
694
1198
502
1199
1200
16
767
1201
133
1081
1110
1200
28
1202
282
943
1189
16
230
1203
332
1204
1205
1206
348
69
27
184
84
1207
679
16
1191
131
133
1062
70
69
455
1208
1132
198
0
16
261
533
71
1209
1210
1211
545
4
146
1212
16
285
16
1213
55
1160
1160
1214
1131
16
1154
207
245
135
409
16
515
835
1215
96
104
208
1216
941
230
748
1217
16
1218
599
121
42
623
1219
282
545
1220
27
27
421
837
131
1221
189
366
40
1222
171
16
1223
1224
1225
16
1226
564
563
1227
365
547
1228
802
1064
1229
769
146
1230
1231
71
16
1131
20
1232
1171
671
1233
1234
1235
1236
1237
1237
1238
1239
489
1240
1178
611
420
40
769
70
1241
302
39
1242
1243
453
949
21
84
195
1244
1245
22
769
423
433
512
1180
953
84
258
1246
271
195
999
443
1247
292
769
1248
192
39
1249
198
1250
1251
16
818
273
769
1252
1253
1254
1012
1255
348
131
1209
1256
499
1257
1258
1259
1260
101
1261
55
1262
886
1095
40
226
1095
516
506
436
668
1078
1095
1263
743
1264
344
638
668
1265
1266
868
1267
896
1268
281
1269
49
1270
1271
647
1272
1273
1274
721
281
40
22
1275
1276
1277
528
1278
1022
130
209
261
1279
1280
469
16
221
261
230
119
1281
1282
1283
1284
1285
28
1068
192
1286
127
123
1287
104
440
1288
401
1289
562
86
907
1290
1039
459
164
1234
608
829
1291
48
1292
563
250
1293
55
1095
1294
1295
530
1296
1297
1298
1299
1300
1141
1301
1297
1302
252
1303
1298
1237
1215
1304
1305
1306
536
1307
87
55
55
326
365
1308
1309
1310
250
879
563
1311
1312
328
577
623
1313
302
1314
16
1315
1316
1280
596
835
1317
425
640
1318
186
1319
961
59
835
16
1320
886
1321
703
1322
545
1305
294
1323
1324
138
545
557
39
1325
258
261
235
1326
1327
77
617
697
250
1328
135
919
1329
104
252
1330
1140
1190
177
94
177
1136
191
692
533
16
249
1331
16
665
1332
599
209
77
77
321
948
128
40
1333
563
1334
1335
1336
668
1337
1338
1339
1287
545
46
1340
1341
440
970
204
1232
1342
1343
1344
55
544
542
132
440
627
1345
16
1346
96
1347
1348
620
130
327
101
40
1124
468
1349
1350
245
1351
986
879
130
266
266
323
1352
1353
990
94
213
1354
1355
250
1356
1357
16
292
365
22
422
67
769
417
422
1358
459
217
972
39
1359
863
101
16
208
143
586
604
538
268
1360
365
1361
16
1362
1363
461
1187
1364
448
1365
56
658
1366
679
788
653
365
1202
1367
299
1368
891
583
1116
986
544
16
510
1369
209
1370
1053
16
627
590
1371
800
946
1372
459
379
525
1373
1374
393
1375
1376
1377
148
151
1374
1378
55
77
177
147
1184
0
530
1285
412
245
217
822
822
822
1379
510
1380
11
885
638
38
577
38
16
207
1381
481
510
1346
1382
668
250
282
1383
1384
674
953
133
305
59
168
1385
32
1219
28
16
1000
285
759
1386
1387
55
166
1388
565
1183
1389
55
499
892
960
1062
131
365
459
856
1390
195
171
1391
133
1163
461
40
55
282
1110
1177
1392
1052
16
16
177
177
334
39
927
365
560
212
1393
953
208
522
533
1394
1392
904
1395
168
108
705
119
515
1396
33
20
466
20
1174
226
913
338
1303
231
238
676
55
451
665
1397
107
8
1398
1399
246
246
292
443
949
1163
16
1027
1248
16
305
1400
389
623
545
639
198
671
1239
974
16
731
668
1196
1401
1402
56
206
94
16
1403
1404
297
1405
28
228
249
55
1406
953
443
943
305
533
108
71
771
96
208
571
1407
1408
1247
719
16
419
1409
373
86
1410
1411
372
1080
209
830
941
16
335
1108
859
1248
441
399
137
344
366
100
20
510
583
84
1412
958
164
38
962
1062
1413
960
665
957
1414
441
40
84
751
55
404
40
1415
55
456
175
997
356
450
323
207
1416
773
1417
244
1418
1419
745
1097
986
436
1420
1421
231
1422
1060
435
1198
1423
1424
1425
1205
735
545
918
1416
908
1426
1427
16
16
552
207
541
713
857
731
55
261
318
201
201
67
16
1260
334
86
481
64
0
94
107
441
1270
230
949
345
39
544
67
133
664
890
716
177
1428
137
1429
40
1430
836
198
55
1431
510
688
292
681
20
1432
56
128
1433
86
638
1434
927
572
844
1435
844
94
1436
1259
1437
1438
414
1439
803
55
550
317
84
550
26
982
412
342
166
845
1440
1441
1442
1443
133
435
69
572
1444
1133
781
800
323
1445
46
167
1105
549
1446
16
149
563
465
1324
1447
1448
1449
2
126
1450
1451
166
332
16
795
316
1043
433
1452
683
530
55
38
812
1453
1227
16
92
1454
143
1455
1105
1090
1456
255
1457
55
1458
16
1459
55
42
40
1460
598
1461
15
946
1059
1462
94
55
705
1463
71
348
1129
143
476
127
16
515
559
510
1464
94
323
834
1020
863
713
522
261
724
344
803
1042
271
518
792
213
131
1465
230
20
366
777
800
738
20
16
181
1466
789
1150
435
812
499
208
806
348
16
315
1467
1468
631
261
1469
133
1470
1120
137
1250
1225
255
1471
668
1472
1428
1210
216
691
974
1473
785
1474
335
148
1428
1475
1473
673
114
1476
301
301
131
559
1477
578
368
132
1478
1479
511
107
55
451
16
202
1424
890
1480
1481
16
829
185
1482
428
40
114
559
1074
1483
209
346
393
443
282
1484
1485
1486
711
16
143
323
16
679
869
249
1469
1487
623
550
16
261
108
15
880
1474
236
1488
1489
1490
882
882
510
677
186
837
39
1491
925
1184
1190
1492
16
623
1493
131
1246
55
130
844
335
497
1072
334
1434
94
84
1494
1495
250
620
436
623
250
1232
131
195
1496
1497
1197
16
104
816
1207
796
899
1498
292
1499
1089
665
93
447
417
928
1021
614
1500
107
610
450
853
1441
1501
1502
1503
261
623
1020
365
1243
827
869
1095
8
1095
61
104
419
418
1504
665
399
1016
206
1505
124
421
96
1506
1507
409
892
91
1424
77
8
510
1439
943
1508
985
1509
550
726
133
56
182
84
825
1467
171
1510
595
946
206
518
623
94
131
1511
243
96
1512
168
1434
88
433
974
1336
638
669
1327
887
373
171
16
346
805
816
756
864
941
254
547
196
129
39
329
1513
1355
70
397
989
1080
1514
202
1515
1074
822
822
564
370
623
1516
213
1144
1517
90
16
261
1518
969
829
365
366
1519
86
733
1406
104
70
108
1169
1336
1520
1521
888
711
448
1522
961
366
366
1523
1524
1525
143
1526
435
1527
1528
70
863
282
1529
1463
16
16
638
230
59
1530
21
0
282
46
347
56
1531
1532
16
1533
1534
222
1535
353
1536
705
1440
258
42
436
1248
596
28
366
91
261
571
1537
231
1538
164
425
1539
1540
282
131
130
623
262
723
279
16
591
546
71
323
1541
1260
20
538
596
55
170
1024
541
20
1542
55
547
82
373
1543
1544
212
1545
399
86
148
1051
1009
1062
327
127
1131
1324
16
1546
478
0
844
1547
131
247
530
348
94
130
825
1548
606
327
1458
405
487
278
1413
1549
220
524
10
812
332
607
46
723
1550
1077
441
1551
559
1552
543
209
954
16
116
1553
459
1154
673
807
935
171
344
1227
1535
1554
894
1555
14
1183
1556
436
668
55
340
129
1557
723
430
38
1099
366
1340
39
1024
342
679
386
235
1169
441
261
1558
16
1559
195
132
86
1536
639
1560
861
861
1561
1562
35
421
1563
126
626
1495
51
1564
46
882
620
657
1565
559
1232
769
1566
20
1567
399
1421
1045
794
1395
1568
186
358
591
16
1569
628
947
437
365
20
1100
577
875
1570
1275
1571
356
571
1434
510
55
1572
1573
1574
55
318
811
201
829
1575
1429
195
904
1528
1576
48
450
1269
71
1577
1210
1319
1578
641
1579
1099
1473
8
16
237
1468
1580
969
733
1529
11
1581
1582
1583
7
347
670
1584
51
590
1034
1079
577
887
365
487
487
1585
1586
1587
38
1588
623
769
676
899
1589
604
16
1446
731
518
882
1590
133
177
1591
1430
1321
918
1324
1030
94
435
131
1592
27
131
122
1593
623
952
497
58
1594
949
131
1595
1153
1596
1124
116
1169
1597
1598
43
691
110
433
133
1599
1600
133
904
206
1601
344
1602
1261
545
83
879
1603
938
1604
100
1071
724
1367
1605
1374
1376
1606
754
918
1607
1608
1609
180
64
292
177
812
685
911
1610
230
835
391
16
744
127
415
1611
869
195
265
1612
247
444
510
186
1260
131
430
1613
207
422
536
1325
1614
1615
393
274
1616
393
509
351
305
1617
22
936
1618
1619
1620
26
177
177
510
87
1621
195
783
1622
1214
1623
6
1624
16
1324
1625
641
1626
1069
441
15
554
1627
261
16
44
1055
875
1628
631
343
264
264
1457
241
262
285
342
1074
1629
55
484
1580
86
1553
1630
1631
298
86
571
952
892
1632
1633
1634
177
40
546
411
305
617
1635
867
292
804
55
1083
1636
398
86
32
1075
944
488
71
653
245
253
510
911
1558
16
133
8
8
436
837
835
835
1637
538
847
1638
1024
1639
653
1327
1074
302
679
667
16
365
105
494
1420
157
361
370
8
1640
271
107
451
811
26
538
26
1641
1130
547
1642
711
445
40
52
1643
560
384
501
1037
672
399
1644
835
849
21
1645
1646
393
1043
118
108
1647
192
298
665
1138
344
1366
1248
1648
1649
1650
186
299
373
892
175
399
207
304
1248
360
401
206
1651
1024
1652
239
317
1068
478
1653
1654
1655
249
16
301
941
1520
623
1656
173
1635
1410
175
365
125
1657
121
848
623
16
1022
1658
223
674
547
456
39
1613
1659
1246
1113
1386
131
390
877
207
1056
198
1144
1660
1661
436
107
544
1662
1663
1572
405
1664
1665
1323
109
305
583
1053
441
128
1666
1667
1668
1375
552
890
897
895
262
1669
1670
356
161
533
171
284
26
126
207
131
623
405
365
1671
990
16
941
1178
236
926
1063
208
608
1411
717
365
539
1505
1672
911
1673
131
667
1674
365
436
208
27
1675
104
1367
1232
16
1285
497
1115
60
55
14
593
1136
449
668
1163
886
202
16
1676
515
515
26
0
1677
1239
1089
245
365
676
1428
39
1678
1679
1163
16
96
1236
177
165
510
206
483
807
786
16
448
826
16
16
1680
1681
812
16
954
577
744
893
346
131
1682
56
545
208
28
868
1314
49
1683
892
133
133
668
1684
479
230
344
1338
121
233
269
1003
1064
131
1685
1686
643
209
20
1687
241
20
16
881
1688
187
16
1395
1689
1690
234
1290
1655
441
133
1033
393
515
1594
366
8
668
199
542
131
736
16
16
16
502
215
172
70
1196
226
1691
405
84
166
1692
641
16
15
1328
209
1128
786
223
195
1693
490
230
792
1694
28
838
543
39
935
693
799
1663
997
1695
70
786
390
789
675
8
488
86
128
1696
107
1675
621
1420
111
71
668
794
982
16
953
1351
223
133
458
674
40
114
672
674
41
1697
856
967
1308
1452
55
1698
522
1287
405
522
132
390
639
923
15
365
807
423
279
184
365
133
835
161
1699
16
1500
55
55
206
133
1371
316
551
1700
1701
1702
469
953
16
1386
71
1121
456
209
1703
459
32
16
283
20
1572
986
39
16
55
1704
232
1705
869
55
14
55
55
1706
58
58
16
8
417
172
450
323
812
803
989
16
16
537
344
1020
754
86
316
1707
202
1708
1566
219
22
56
531
376
461
380
134
623
436
436
1709
1710
16
318
503
462
1420
1711
1062
1712
662
1713
583
56
1688
61
565
695
16
1055
1132
443
1564
236
515
173
361
510
856
1024
344
153
1714
346
1026
108
458
1045
623
897
92
716
1205
20
1715
16
612
284
786
401
1716
1227
16
198
1717
488
22
906
1570
769
1718
1394
954
956
1719
476
1113
181
530
1260
1558
435
435
91
40
208
1092
923
40
195
735
1720
191
699
209
1185
62
1193
16
16
435
811
577
665
1721
802
40
16
268
177
614
1722
597
1012
1723
20
16
479
655
67
1506
962
261
104
213
209
1724
795
821
1567
1041
47
1648
96
536
250
55
611
231
1725
1195
16
107
344
731
943
172
208
423
572
1381
148
1418
835
1726
690
914
16
16
16
731
298
1010
1727
1092
71
786
20
1243
1545
1697
1643
55
323
430
750
623
786
1084
1588
510
1635
1211
344
373
1131
86
1053
233
1214
1728
1729
124
682
687
237
1020
56
82
1730
889
16
197
712
1731
1139
1000
365
1732
1733
131
1734
1735
1051
1271
1736
55
878
1717
199
1340
686
1737
1738
868
675
565
618
125
269
349
531
1032
1163
616
615
16
488
16
1024
384
1064
1739
1610
1124
612
1238
1740
1443
71
669
1251
1741
624
8
1384
217
487
1742
288
1068
1066
77
692
1334
20
1493
20
21
530
1743
1744
1745
392
127
1646
259
1646
1746
1013
895
21
1747
542
1748
55
23
1749
1750
1751
263
79
95
868
188
16
12
583
131
1752
26
1753
370
1754
249
108
77
1488
550
363
1249
831
426
1734
127
895
1755
137
16
1062
109
1756
1757
1000
16
1642
640
1600
318
1758
1759
171
443
56
247
1760
448
292
827
283
389
94
127
1024
1761
1426
1754
1420
530
856
1762
133
1287
1118
131
826
1549
132
1763
1764
1765
16
523
16
320
441
26
292
73
73
95
344
761
1766
544
1767
620
195
51
104
1365
220
70
28
807
1768
488
16
213
1769
1116
182
357
16
623
1770
62
77
1771
1772
1772
1196
80
892
1276
114
7
1773
892
207
1076
16
665
39
113
1774
820
258
1675
1775
283
1776
1777
240
1778
1167
1724
1779
1199
524
1564
47
269
1780
807
1781
1782
220
195
1783
1784
1082
1781
1319
1113
252
104
467
8
0
1785
997
16
453
800
443
1786
250
927
459
668
1563
1453
279
1504
1783
953
1787
16
365
1143
1788
952
769
347
1308
448
251
552
1789
1396
1385
617
1790
104
769
638
630
1175
39
356
356
15
365
855
1791
1100
0
1493
84
46
1792
22
1520
1351
1793
1078
1794
1092
949
435
1795
566
943
1645
9
1770
19
499
499
226
131
137
1340
764
453
1796
812
1797
288
957
16
108
333
8
621
209
1798
1799
1659
506
20
1680
1800
642
1034
346
1801
701
1108
80
530
583
1802
1659
1260
1204
988
420
1772
365
1510
1181
827
282
67
1803
347
897
207
1062
313
499
16
641
55
1459
694
265
258
1804
433
1205
1519
1805
177
1260
879
623
638
1806
217
282
751
1807
261
1180
1808
16
1596
1089
769
1809
318
1185
1810
1228
1811
299
653
422
16
16
950
304
304
437
1812
533
71
1813
994
1635
1550
1085
344
1814
1815
1816
112
299
1529
623
58
332
95
927
674
128
16
16
16
15
1817
1024
86
909
154
815
1818
1578
1027
39
39
28
92
1819
499
144
458
27
638
638
143
94
1720
16
1135
72
889
1820
1645
664
16
40
1379
16
1324
571
255
268
349
623
1821
16
1069
504
51
380
11
1780
430
0
1645
1822
46
545
451
1823
133
1824
201
1057
236
1027
536
595
623
1531
20
1516
1027
1825
972
195
40
16
0
16
59
310
27
1826
1827
537
631
16
515
1548
130
246
490
1482
8
608
941
1436
450
1718
1211
818
920
473
131
436
94
94
920
1828
1622
162
941
95
1829
638
1830
1043
322
440
141
16
313
1812
475
598
40
71
665
1129
365
510
1580
756
519
16
266
1726
425
39
84
80
481
779
638
80
55
995
195
583
508
348
1831
16
16
703
565
1198
577
1832
1833
51
15
616
827
26
318
996
550
16
16
1834
11
1492
1544
16
1407
365
769
195
195
238
1835
800
21
555
171
555
344
84
1146
1591
545
1836
71
67
401
1837
572
16
55
63
545
16
1838
171
644
1446
843
55
928
428
153
724
132
55
16
787
282
282
401
1640
405
1589
213
1428
972
1839
785
297
1840
1729
822
1265
1841
1020
781
1842
315
668
335
1843
1217
1783
104
1111
1843
225
974
198
177
177
1072
0
70
342
108
292
1411
16
171
1844
1845
1045
1846
338
62
436
16
1847
583
206
1659
833
1848
634
1180
1579
495
133
653
1849
199
1850
1194
623
1160
856
1354
16
344
1004
1064
54
16
153
1313
39
818
968
1521
1851
1852
254
563
48
127
55
55
512
1853
976
715
439
1099
1854
675
1461
1281
16
961
577
549
86
952
16
623
623
962
71
62
1855
502
710
889
508
1731
653
1122
807
1514
90
90
1856
769
1857
990
159
261
153
16
55
131
668
317
202
547
84
278
515
786
177
958
137
137
1858
1130
1447
1061
213
213
889
16
16
77
262
16
44
56
365
1859
96
1860
130
16
245
551
1476
1194
1080
20
967
1369
510
1543
441
668
50
124
365
1701
443
346
888
292
1572
131
40
518
1024
384
16
320
16
1340
1320
1021
269
1228
62
46
86
1243
986
1861
481
28
559
1642
40
1427
1421
0
623
1862
271
1863
71
1864
1865
16
1623
1866
1867
1868
623
405
773
1193
518
723
723
1869
1481
1000
1726
418
1236
616
583
879
495
20
235
1446
989
209
1870
1871
1505
131
15
845
703
1402
764
690
544
218
1126
1024
545
1872
162
238
1476
133
616
1534
84
1798
1873
1874
16
1875
176
373
58
1027
1357
1313
55
1876
384
171
1877
16
1878
52
447
545
84
16
1710
270
83
530
1678
1879
959
1880
1020
126
412
55
16
1265
638
107
863
1876
399
1449
1062
56
1321
1881
56
26
96
412
1293
80
1500
177
161
71
1469
131
545
379
1882
399
1141
736
1883
16
456
792
16
373
373
1884
14
276
418
173
807
614
166
0
1691
20
1885
46
1886
356
1321
1887
16
1360
393
810
1537
55
530
1888
665
16
536
84
620
107
16
323
348
662
1438
770
1092
1092
1598
1889
894
173
1062
100
1287
631
510
668
1420
1890
1438
131
1287
466
1891
393
55
177
1614
399
676
1095
1093
1892
819
1893
1894
818
254
1818
290
378
175
572
233
1895
709
293
703
761
384
1896
1416
56
1897
56
71
1898
51
470
190
1899
488
187
638
55
1300
623
166
55
16
169
1160
953
1754
888
1291
86
495
55
559
26
16
546
461
616
164
756
547
94
1699
1900
399
308
1376
665
1901
323
997
265
344
753
1055
1038
769
1901
841
1203
1383
508
492
1902
107
1903
255
1904
186
1459
1905
428
1906
1907
1908
16
55
195
16
67
250
1909
436
21
135
84
1910
537
16
16
433
365
803
133
1753
1911
1912
55
1343
133
132
198
318
1066
16
1896
1913
559
1151
105
127
1751
558
1756
334
1686
166
1475
1914
864
1915
1061
1444
1916
56
835
84
1222
208
101
918
55
16
804
230
292
409
1917
892
855
409
786
234
1917
836
39
1918
1866
1743
1919
1049
1920
552
1844
1889
230
1108
1921
792
595
1588
389
1922
72
1047
620
40
22
56
1923
1280
1133
55
130
39
31
456
16
1571
55
298
1924
1925
1926
1927
393
393
137
1928
313
1138
127
55
86
846
1589
84
335
1929
786
683
1930
800
295
1908
518
1931
1932
969
1649
1901
621
1933
16
16
161
437
16
1934
28
609
1100
631
1064
1935
1936
8
1108
55
1007
133
642
1108
164
448
16
16
1772
1416
397
451
114
1086
437
1816
1100
16
873
209
16
16
58
399
26
16
399
250
61
1367
551
1937
55
135
631
986
504
344
1795
131
1938
466
127
0
395
323
919
112
142
399
0
1038
1889
1939
776
674
1633
789
55
657
1940
1180
881
127
127
263
869
1289
137
744
1757
1755
538
419
373
546
273
1941
231
1010
90
307
128
879
199
1902
344
528
152
61
284
911
435
269
736
1591
510
1475
1942
531
55
71
393
127
313
20
1943
127
393
123
123
207
123
879
1944
668
1945
1479
1783
571
137
15
1946
196
1270
448
1947
596
42
401
1948
668
653
1778
20
166
465
546
1949
186
131
56
123
756
55
962
603
71
16
1199
1950
80
975
1069
1951
209
1502
571
159
1908
815
1482
264
863
209
1952
16
1674
56
207
108
16
678
209
1953
618
633
471
1954
1784
1955
448
697
1956
481
1935
8
1957
177
16
961
20
755
1958
700
1959
1960
368
1961
530
510
107
261
1163
1962
1963
148
731
1728
234
241
530
55
631
1344
55
208
1459
71
1791
1776
1964
1965
55
790
1144
571
266
1259
230
1024
1414
1499
1966
195
422
658
644
1523
0
448
16
1397
1218
1335
177
623
39
120
16
1448
131
1471
399
609
1889
365
1282
148
577
1424
282
438
439
624
1005
1408
8
16
9
459
524
26
1428
168
16
8
624
1179
1034
384
1029
701
86
1473
112
674
196
1718
1860
638
565
769
769
1967
875
191
1682
148
1711
419
16
544
332
1968
230
16
344
1969
962
621
1246
16
1843
1837
1836
836
1361
319
292
774
123
375
1970
1971
1710
1036
1803
86
1972
1823
1080
1973
80
1812
1742
1083
836
91
736
342
302
55
668
46
11
668
86
1506
133
209
176
22
1448
638
1040
1434
134
559
595
366
1974
39
1664
55
130
59
863
351
1439
344
40
22
22
1975
164
16
86
142
1743
1976
1977
127
1471
123
1978
1979
466
895
259
1980
1042
1981
1960
39
323
16
678
16
947
1982
678
198
638
1882
365
40
970
1983
713
1142
131
1984
1985
1549
1986
127
68
890
1530
323
1987
1951
1516
1988
1988
734
706
207
430
151
109
786
1989
495
436
1163
542
268
217
1990
975
631
850
1080
318
346
26
323
22
1629
1991
148
22
971
810
1987
1516
987
261
55
1079
366
1754
668
1992
55
1993
559
393
1106
16
1446
401
1487
1994
668
961
317
1995
1725
974
1688
58
1688
71
265
1449
1996
159
395
544
16
1728
1997
1998
559
559
442
16
1188
186
1177
16
895
123
20
127
8
8
8
409
718
1287
183
86
547
1999
1522
607
607
16
2000
107
171
373
234
1024
320
582
616
1205
318
1340
346
16
133
40
56
56
687
62
153
2001
718
250
261
361
672
911
1228
1503
108
1396
1718
732
1607
505
332
332
1978
2002
2003
2004
123
547
2005
907
202
125
549
2006
16
1339
80
1080
114
1043
206
199
794
401
302
212
815
536
725
16
720
877
1417
131
1544
448
205
1646
623
1447
39
346
665
547
858
718
2007
1385
1753
209
55
2008
530
16
40
2009
736
328
1148
547
32
1240
1461
886
1092
668
2010
1572
1282
109
2011
159
93
773
638
1434
554
0
198
16
196
918
918
672
628
166
202
2012
618
1551
1643
2013
436
2014
365
177
1093
437
1589
201
2015
55
2016
131
27
16
1988
706
2017
364
356
1800
557
967
653
1329
638
1767
1178
499
16
107
1767
325
746
2018
297
1769
327
16
1688
16
674
1275
621
122
1507
2019
583
543
1145
101
370
131
583
55
56
2020
1574
1858
2
26
2021
294
1305
1305
2022
1996
1882
963
1127
1180
1144
39
623
16
28
77
16
107
162
163
129
845
55
16
925
2023
19
16
1276
55
55
2024
607
822
1803
1059
1061
2025
207
1646
1362
2026
2027
16
763
2028
2029
716
427
2030
42
2031
2032
1980
340
777
1260
1861
2033
2034
0
267
1483
1110
895
259
2035
22
175
127
26
948
649
1677
16
34
721
786
1886
528
7
1439
2036
466
2037
2038
1744
558
127
299
28
16
127
16
21
451
16
2039
1590
341
2040
16
2041
127
259
441
925
623
42
2042
244
818
818
1511
2043
91
286
1508
536
992
547
450
344
2044
2045
925
545
1979
207
2046
127
123
386
2001
2047
2048
1418
136
1940
430
2049
459
120
663
2050
197
367
889
97
1344
466
450
67
463
2051
80
2052
2053
0
342
22
538
1644
132
171
1232
344
302
802
80
55
107
524
1803
1477
2054
1744
919
1803
386
919
1755
123
895
895
21
466
895
466
2055
2056
1312
2057
2058
70
260
394
895
131
1364
15
474
356
622
1877
1726
757
1553
2059
832
2059
67
123
259
393
466
2060
2061
1063
717
328
114
26
208
1819
292
1950
702
2062
856
55
94
127
886
323
2063
127
530
2064
207
1755
259
127
1045
386
282
80
384
21
127
264
2065
916
1421
1420
417
510
547
1385
448
344
55
595
1447
1676
547
2066
2067
288
1151
1861
2068
2069
16
365
101
2070
2071
318
669
1729
39
50
1103
870
2072
131
231
266
2073
108
16
426
380
2074
2075
2076
863
669
2077
1312
55
816
243
682
243
365
418
1288
2078
342
552
197
16
20
812
66
823
261
1832
530
69
399
2079
209
55
267
129
38
26
1610
1024
1248
20
261
399
365
347
1287
258
1755
543
344
2080
1275
2081
2081
46
1074
2082
1772
798
641
2083
1729
86
16
2084
2085
879
1321
1234
58
675
282
337
805
2086
1244
697
1002
342
869
2087
731
1020
1903
94
2088
56
122
202
55
583
131
882
583
1446
2089
2090
131
16
1438
628
344
466
2091
678
294
1642
1917
1917
571
2092
441
318
430
2093
1396
769
753
450
1564
1287
638
1692
527
2094
365
1230
2095
736
1493
86
2096
112
130
1095
20
1421
393
104
1721
1531
662
2097
1925
393
1756
2098
142
132
1062
166
31
55
1470
849
104
186
153
899
48
2099
342
253
2100
2101
20
71
1139
55
268
2102
1228
399
83
365
208
640
55
1133
1228
1120
458
207
2032
2103
1713
863
131
1937
1602
1720
458
212
2104
1340
1698
1718
86
2105
20
711
1850
911
137
2106
86
2107
1642
39
2108
609
1988
2109
16
1072
513
571
133
689
405
625
55
1280
212
2110
266
195
2111
524
2026
2112
127
713
1047
284
114
1230
48
1292
1548
261
545
1511
16
559
131
247
1887
2113
399
1010
202
20
40
769
1964
1642
1265
148
1879
71
1981
554
996
71
1523
334
2114
2115
685
571
1550
96
1763
55
241
252
2005
133
1420
16
20
393
127
765
353
187
123
2116
2117
357
691
895
2095
16
2118
2119
1816
399
2120
127
118
848
653
131
510
59
344
2030
393
2121
127
852
127
2122
123
123
1645
2123
131
771
1133
153
1321
19
2124
2125
717
515
80
75
878
269
96
947
839
678
353
623
1088
895
123
127
1979
142
1479
127
259
393
127
466
508
71
1728
418
40
160
20
130
2064
395
282
1344
150
904
2126
63
46
1744
501
153
1642
898
1917
1399
936
365
570
655
2127
127
2127
2127
1348
619
16
16
450
881
282
616
2128
16
1090
1206
563
2129
635
2130
2131
35
430
2089
1229
2132
2133
448
1651
2030
2064
186
1329
1740
1488
1375
56
2134
1897
1484
530
127
1024
1080
281
440
1665
1420
20
898
264
378
159
869
1705
127
123
344
399
16
265
16
638
713
206
16
346
1517
1607
98
395
550
84
393
209
866
393
895
439
61
919
1999
466
20
2135
1104
2136
671
69
1139
1428
1034
546
607
835
1837
951
1622
90
90
90
90
1210
71
1108
127
1920
393
39
351
233
123
2002
1751
127
441
198
123
2137
130
1522
1273
201
2061
127
127
395
127
123
123
1033
1636
583
2084
2064
81
1756
1989
1360
1522
261
20
39
1287
86
997
546
344
487
231
1034
808
559
1318
88
134
1629
1871
1610
56
631
2138
233
1042
436
2139
2140
72
1241
1475
61
344
786
86
2112
399
95
659
16
261
607
176
2141
2142
366
399
198
1659
198
316
1393
2143
1930
876
786
890
20
55
22
1933
365
1350
2144
130
55
51
747
2145
2085
176
196
1533
16
389
53
525
1375
1046
596
199
2146
665
55
176
362
133
22
803
2147
1249
2148
2149
261
261
108
86
86
1151
346
2150
40
425
1027
848
1243
813
1630
703
11
686
519
813
2151
1250
2152
545
761
408
623
1222
269
724
2153
77
440
17
583
2154
2155
2150
1630
82
2074
1551
182
82
49
1573
784
451
2143
40
209
40
2156
101
282
20
2157
222
393
87
207
348
430
230
2158
1324
895
2159
571
133
365
1485
1510
1772
20
49
1021
84
1237
1670
2160
1305
183
2161
171
55
294
171
2162
614
2163
21
180
668
665
1798
1274
530
127
990
1024
16
1445
86
697
365
20
320
2164
951
217
428
399
55
131
1025
466
2165
1744
1265
16
16
342
1088
238
78
530
55
1295
1805
226
2166
16
59
0
399
472
292
365
230
905
6
1010
1074
323
2005
550
56
91
2167
393
16
20
123
879
1755
1920
313
892
466
1333
175
2133
807
1485
1010
11
164
723
703
2131
2168
541
230
230
399
692
835
2169
537
353
545
80
107
16
430
2170
749
176
2171
401
1396
130
55
2172
1465
2173
1742
303
1513
638
0
723
2174
258
506
806
2175
16
232
281
16
897
761
2176
216
785
56
694
1327
2177
40
55
133
55
868
70
997
1253
812
1378
137
1042
591
1861
571
384
384
1767
674
1100
2178
282
282
1950
171
253
132
344
1475
772
2072
1870
40
426
2179
127
86
127
127
2004
530
571
2102
2180
198
1251
2181
401
1868
1287
2182
1498
726
2183
605
530
1522
127
2184
105
148
2185
1878
186
1027
128
1271
305
641
692
16
131
131
802
269
2186
344
1293
2187
2188
1699
1327
148
199
506
530
142
386
148
1920
558
1981
2061
1918
1286
1286
2189
275
370
1403
282
1600
530
1072
2190
836
323
1911
77
1257
827
283
705
55
982
638
26
2191
997
72
1024
707
1053
2117
1625
2023
16
1920
142
763
51
127
2192
302
16
772
762
2193
430
879
636
886
856
2194
16
1461
705
1095
2195
2196
1665
1634
393
2189
148
1678
270
1908
1855
1855
2197
844
1879
55
547
785
334
71
1837
448
877
1043
2198
2199
1903
54
675
763
2133
647
1996
1732
365
16
1901
2159
1463
572
1041
545
1699
16
16
571
334
637
2200
1034
2201
129
108
625
453
77
972
1206
883
2202
2143
133
427
16
209
751
2120
577
2203
127
2143
2025
16
73
607
90
1054
1420
1280
386
2097
545
682
2204
1901
393
90
90
90
290
16
1511
559
1563
20
129
153
2205
224
345
20
20
281
1024
565
344
393
558
127
882
2206
284
2207
365
2150
571
2034
315
616
547
1260
749
79
283
393
107
626
430
108
2208
1625
1957
2209
2210
2211
1697
1340
323
692
231
2212
35
687
399
26
1267
1253
682
428
752
2213
1072
430
108
1453
668
690
1110
643
261
2214
545
923
133
936
282
863
94
1628
692
812
282
129
113
270
2143
255
48
131
544
16
2037
222
444
56
84
1265
2215
1253
55
318
116
487
241
1901
749
2212
1742
56
1682
2216
56
1997
131
39
2217
373
2218
2219
760
1088
130
189
760
42
1901
2220
2172
1088
393
142
323
71
530
386
2032
668
779
1131
252
1918
1553
1034
2130
1322
114
318
1653
80
2221
2172
932
2076
1064
695
2222
47
1785
1658
16
206
2223
358
1729
2224
545
530
1960
1714
16
170
16
964
55
910
142
137
243
39
256
36
974
1745
695
442
55
1767
1037
519
2225
515
2125
207
997
2037
1920
1572
55
104
107
2226
39
181
1338
430
2227
443
127
123
427
38
123
129
1522
642
1265
347
118
919
394
2032
1434
38
538
763
209
217
237
2196
130
365
2228
1938
515
129
123
2061
2229
1402
393
895
399
2165
148
668
16
2230
1766
138
1168
723
1313
2123
132
1291
49
545
801
1180
288
2231
2232
2233
658
2234
294
2235
2236
232
16
1050
7
255
802
159
261
282
135
586
190
2072
22
1314
247
2237
1915
1919
690
1068
1205
1919
157
1699
420
749
412
577
133
11
22
1594
1080
796
1196
230
84
1770
665
131
195
50
16
135
135
1591
123
177
27
1561
28
7
131
441
1531
297
2238
245
510
1110
1911
209
261
2239
58
1436
1446
1734
2030
849
957
270
1016
195
53
370
1225
903
1077
40
1077
80
641
94
223
1107
94
133
55
16
133
1778
10
342
692
71
450
1889
84
1685
16
56
16
131
542
165
148
433
972
1574
56
1062
16
1702
215
1231
71
1080
56
143
642
735
130
1184
1440
668
2240
830
55
547
891
2241
1729
230
1611
536
133
571
2242
323
39
430
261
79
805
344
1242
1387
916
1317
2243
510
1649
638
952
71
22
209
668
35
1624
226
1596
16
2244
16
159
572
684
16
100
22
2245
177
2246
16
1232
153
348
365
559
16
1457
674
1315
40
2247
302
16
2248
1648
8
1960
27
2249
447
557
1227
1985
1321
1061
84
69
195
1589
209
579
1196
1516
488
346
253
270
230
530
126
63
1153
2250
1682
20
481
55
84
181
545
577
1420
280
1880
1399
428
1409
292
1260
2108
559
1275
323
177
344
8
1738
2251
20
209
344
114
20
559
2252
1907
292
2253
1619
2254
86
1601
1351
1338
67
1260
417
16
356
1260
16
1873
565
789
2108
2255
172
879
2256
1001
834
114
250
94
111
133
812
502
545
443
351
1368
1725
131
131
685
1740
785
328
39
55
971
212
55
2257
11
1232
171
2258
11
911
1297
1620
2259
40
513
1772
620
1217
2260
1511
195
1511
497
101
2210
1618
107
148
94
192
794
55
38
461
1177
127
22
297
20
131
265
1442
1793
75
2261
16
736
1628
130
365
1010
20
16
56
2262
2027
344
1265
84
559
210
28
69
811
131
490
1037
56
1034
559
1289
131
510
1178
525
546
669
1034
318
607
365
928
593
583
365
1661
2263
365
1200
1190
1227
39
436
77
462
94
281
305
20
2264
476
1552
674
94
897
2265
250
653
844
337
2266
769
84
1915
133
133
344
2267
641
16
68
1574
736
1885
796
1761
1067
1389
1913
1865
766
399
1845
835
508
365
642
1642
533
2268
1287
2269
16
226
590
16
1537
604
344
88
1287
370
716
2270
114
16
1762
29
403
510
32
1093
815
240
2271
769
2272
732
1371
2237
60
614
1689
16
1147
2273
365
1925
1095
886
2274
16
1178
2204
1670
86
409
590
736
2048
2069
11
1876
33
1153
22
282
2252
16
1942
55
323
130
1989
399
2088
344
2005
463
856
126
1446
114
69
2275
1784
16
2276
2277
347
1535
918
961
2278
1287
2279
2280
167
0
941
248
28
545
1546
1277
551
1387
60
533
518
1095
209
56
2053
269
269
932
1340
85
1516
31
177
336
844
616
2066
1479
2281
1420
131
108
2011
237
55
1002
344
891
282
2207
1648
1717
222
495
2282
56
56
1064
932
131
998
0
56
889
1623
600
365
1334
16
803
1445
384
2150
2150
292
1563
1830
27
1726
176
1132
499
1154
1371
510
67
20
56
1399
86
16
2014
957
1836
16
2283
1820
969
287
2284
270
2285
1869
1925
2286
2287
2264
409
346
1921
1032
1221
2279
892
114
1798
889
288
16
1129
2288
2289
1142
133
288
1620
504
1952
1645
1620
547
535
836
836
692
1877
1796
1596
1741
16
208
1794
1732
366
2243
2243
793
55
1249
430
344
2290
235
301
40
1285
660
668
769
1987
1552
769
2291
827
2292
252
785
1811
284
984
534
129
389
836
16
1332
55
46
177
2146
1423
953
586
279
1844
55
665
433
701
656
70
804
440
2293
1144
1196
190
2294
803
961
1196
472
879
986
1569
195
1709
1196
215
108
2295
499
71
430
578
980
38
1180
2296
593
631
240
84
444
641
955
20
55
2297
980
1257
86
565
59
460
133
349
1215
1166
199
258
59
451
9
355
731
2298
1883
127
1163
1461
550
518
107
226
55
344
2299
2300
1793
361
94
417
199
2014
96
1202
951
1678
628
367
342
1728
1600
130
2229
374
1316
2301
69
357
788
16
332
595
963
986
2037
1551
326
2105
1294
2302
892
2303
15
16
16
1793
510
2304
638
16
389
365
1092
40
698
70
268
422
55
55
405
282
158
114
600
883
225
1701
1189
131
181
944
82
938
1039
1100
2305
2306
2306
126
126
430
1559
2140
1591
366
334
201
746
1050
1248
1805
153
1641
38
2307
2308
991
1095
42
442
323
747
653
552
231
2082
16
953
16
16
152
16
1314
0
927
863
1289
1408
206
1176
990
222
583
1187
2309
67
408
2310
215
1832
2002
448
2193
437
281
1645
2311
2120
2296
1449
908
2047
1140
690
16
728
1670
700
2015
238
1232
1849
2312
1072
1124
133
1811
86
55
436
365
1568
642
1817
701
1033
546
38
373
1275
2313
510
786
2314
1408
1902
2247
1315
1928
2032
393
558
783
127
1420
2172
21
209
393
259
2315
94
1574
997
16
870
16
173
137
1020
324
1756
1083
510
1457
1596
84
55
1594
108
668
1404
8
39
16
1773
816
2316
653
1175
365
2317
70
904
2318
206
1485
804
949
123
1425
996
1409
695
903
127
2319
16
2320
94
1027
789
990
499
262
209
1985
2321
2320
1140
384
16
15
1440
133
2322
230
563
163
48
2323
757
2130
2238
646
635
21
21
779
207
370
396
895
313
105
1012
143
16
80
1106
129
919
789
797
1296
182
623
55
2324
607
95
469
2325
1906
705
1015
571
1168
897
354
16
986
1642
638
440
16
1712
623
769
769
131
16
202
59
642
1620
989
1902
16
1207
1010
789
668
910
545
22
2326
560
1404
633
2303
2327
1784
441
713
1525
1775
953
953
450
616
789
94
545
419
101
1851
2328
16
456
1125
769
1879
2329
128
713
2330
1748
2170
1039
56
177
40
177
209
1074
261
499
499
12
284
1783
338
467
1630
84
128
356
2114
185
941
886
886
2331
1074
1459
1088
1303
435
1055
20
786
668
997
1165
924
648
130
16
318
100
96
251
353
879
448
530
305
459
455
1089
1018
94
1214
889
782
1434
499
990
925
6
6
666
1805
499
2157
668
20
941
1546
1724
515
107
346
598
1738
186
55
997
533
143
1562
1124
608
2332
208
450
96
941
39
602
483
730
202
673
673
250
1370
1030
692
498
316
343
1260
1492
547
16
16
607
1603
20
420
448
2225
807
450
769
982
1417
430
1541
161
571
84
177
55
674
1532
292
96
1328
1132
39
297
365
209
863
859
87
836
16
202
510
20
16
674
595
1027
673
441
1632
1
952
16
1549
261
70
1384
2233
466
547
16
1196
624
974
362
46
128
583
862
769
163
2333
1000
16
70
1345
1570
323
1223
2156
10
624
860
411
130
654
288
2334
638
132
39
1710
283
390
2327
1886
456
28
1246
1881
748
208
943
16
1098
96
183
953
675
1991
1282
1348
1289
971
487
32
77
104
104
395
393
405
1567
123
16
1098
16
1644
2313
2198
1317
466
39
2335
258
2224
559
969
201
198
39
1223
1386
131
399
515
209
585
2336
1584
489
348
1113
2337
1045
1273
417
365
133
1805
16
20
127
2007
2338
1628
26
1649
448
327
15
8
273
148
892
344
996
365
445
414
953
1211
171
2016
1547
2135
546
1177
1325
638
773
2339
70
633
169
653
1056
20
55
393
21
313
127
1403
21
21
2340
207
21
466
20
879
386
21
879
1920
441
393
393
895
1920
1131
123
1744
16
1847
953
16
982
16
16
985
16
2255
2341
458
40
87
544
2342
849
2261
1864
2069
209
177
1757
133
918
1040
297
1838
208
356
1459
84
954
879
2343
953
989
674
39
2344
245
1645
1074
1220
836
356
559
2345
282
258
1122
577
1264
710
195
195
397
292
1171
195
16
88
1844
2305
154
1088
308
61
946
161
16
490
487
213
77
2126
159
1146
953
128
753
571
673
107
63
538
1772
620
620
428
1580
2090
320
351
217
1043
2346
848
20
22
2347
1034
715
16
1348
238
16
1528
135
436
86
717
16
2348
366
29
282
989
2349
1381
510
953
200
86
436
1078
1064
107
448
2350
118
1356
155
56
365
917
436
209
1023
876
393
67
1265
20
209
131
1416
86
288
209
208
334
1133
1645
682
713
55
1451
1064
133
1331
1779
1719
366
2351
133
1265
2352
2353
1564
399
1108
2354
389
648
1645
1287
2355
302
365
678
131
1729
318
1055
171
114
55
370
547
1719
387
2356
1718
1772
1265
440
1705
366
573
16
945
1417
131
157
961
153
1365
268
544
346
506
708
1409
11
104
610
286
2357
761
1249
8
347
399
1009
607
834
1013
1386
318
1217
2358
39
399
86
59
1864
16
55
577
1287
1396
897
130
346
545
2359
2360
2361
744
39
39
1678
1506
1695
1158
1094
2362
1032
106
408
94
709
1144
435
1254
2363
542
401
104
1421
996
1064
1930
16
1395
1050
207
637
1580
182
92
2053
1594
20
1966
2364
1254
190
16
373
653
67
840
2365
2366
2367
546
2036
2009
1629
16
789
405
1821
664
868
2368
55
27
810
668
94
46
795
189
449
897
335
1042
10
674
16
1184
990
623
638
111
16
16
585
345
55
437
1517
1730
655
1845
1671
20
323
323
161
795
28
1331
1658
749
505
505
2369
620
1095
1244
55
634
16
16
842
1199
192
1210
282
2225
506
399
157
1404
1005
81
2285
741
133
2285
108
268
346
1316
344
1157
40
1574
623
1246
783
2250
269
323
208
941
1399
1433
1020
2370
365
2224
426
11
1362
163
768
1677
739
955
674
2371
528
1840
1298
668
515
161
2037
1246
456
2330
547
91
86
1084
16
51
499
39
499
417
773
1516
954
638
2372
1800
142
912
912
127
286
886
77
1291
354
2282
2044
816
55
16
2373
1329
16
927
617
596
892
802
0
983
1869
658
22
607
1289
869
39
107
55
571
2138
209
16
235
67
1045
1187
884
436
46
682
104
1552
720
888
1265
2374
96
1437
948
2375
84
2127
16
2157
123
1303
436
571
1113
208
16
2002
571
1094
1306
1642
2376
2377
792
365
879
1492
40
20
20
2378
1191
2001
1284
2243
1475
247
16
16
1251
16
769
155
812
769
1404
1548
1772
1253
806
1488
868
108
1703
207
1947
1892
1892
1490
1991
232
1759
1215
177
216
2305
1789
458
21
344
199
1279
1539
430
287
919
245
1970
386
21
660
198
286
773
2003
27
2035
20
466
127
20
2379
142
2003
393
259
127
127
259
263
137
210
393
23
558
2380
386
2381
313
123
1131
129
107
55
1588
1205
1088
1131
2025
524
550
208
1919
870
208
365
186
318
237
1712
323
1614
2382
305
1349
335
389
615
94
802
896
16
133
1892
1834
17
1630
55
26
71
466
340
21
135
96
16
807
208
55
1757
592
459
27
1701
104
237
1712
16
70
209
2383
623
262
49
491
428
373
542
124
28
941
1033
96
725
16
533
2384
1635
1587
55
1228
199
2241
641
84
1087
1580
2385
441
1062
267
803
379
749
209
2386
533
16
2039
1132
1376
16
42
28
1881
751
606
835
1196
1127
1789
1034
1404
2176
946
674
27
1223
1783
694
39
247
958
1097
384
1242
510
1484
2387
1298
55
583
366
209
371
402
1936
628
1013
70
2388
1966
1418
318
131
131
108
984
836
0
972
0
436
207
836
1074
86
2090
623
135
410
2389
918
84
443
443
22
305
382
2390
16
249
1640
2391
1068
2392
490
56
530
114
1475
16
711
292
2393
789
1418
138
2394
142
393
16
133
466
2032
466
394
435
623
124
1827
571
1881
1920
170
1445
393
2001
0
16
1406
292
96
1508
395
1190
1012
305
282
735
607
207
107
16
327
868
1192
530
1733
131
77
377
402
131
171
769
1427
1053
1398
1398
84
602
1188
344
2395
344
1035
1317
130
742
404
949
1024
390
839
1357
26
748
16
611
530
127
21
230
11
810
1062
308
283
1062
447
2396
571
2397
794
177
22
127
2186
39
22
1914
1702
2293
364
1627
1210
515
583
198
39
674
439
1459
674
1951
267
1107
495
1051
133
222
756
1861
506
2398
164
56
2399
135
545
113
1586
8
8
432
1895
16
591
2400
1682
1253
130
16
129
360
660
2401
40
479
1120
1225
269
16
2402
2204
133
1610
2403
16
1680
56
171
164
56
439
911
1571
1970
2103
547
96
1246
961
16
344
849
55
16
1770
104
11
402
85
623
623
915
393
1131
466
123
207
16
393
1428
927
77
2116
86
449
1911
127
1296
2404
1427
10
1228
212
788
86
131
1446
754
542
282
510
957
625
212
366
1725
879
399
479
48
2405
73
128
450
2290
1260
1037
335
623
8
417
13
1957
82
16
1976
392
266
448
1420
1079
1183
559
276
133
1681
2092
107
46
445
2406
941
373
2407
215
2408
195
16
2409
257
313
559
55
123
127
482
499
1283
16
1281
2025
48
1272
1494
1484
98
771
448
155
393
1034
2410
37
1493
1286
1131
2411
1920
394
466
127
2032
2412
1743
1803
107
276
20
1755
112
2378
120
1803
2413
2365
323
393
1493
127
895
433
2231
132
2414
2001
2415
338
233
2329
1260
1311
20
1258
245
1837
101
205
186
71
643
577
8
1230
207
1470
163
1999
547
55
94
676
77
879
205
957
1409
1280
1280
55
55
2074
27
2416
639
958
1630
533
1700
1700
16
16
2323
16
1405
130
96
39
142
261
856
725
945
1703
623
292
192
742
583
960
1196
284
1236
1001
769
642
2417
2314
1229
315
1446
197
1771
1841
1321
2150
1177
2247
62
2108
668
1131
142
356
1204
297
55
687
2418
800
731
2419
186
952
952
116
583
638
20
1365
785
1716
1293
327
521
436
55
55
16
168
1037
2123
209
399
653
2241
1516
261
1176
500
2420
2421
675
39
39
638
1903
401
2088
87
166
166
2422
15
1396
265
1439
800
2423
1215
302
55
717
235
1771
16
2174
786
55
344
40
1369
524
428
1601
2354
533
2197
1464
998
2424
323
94
87
128
519
519
16
16
430
55
55
187
1024
668
141
318
1964
298
266
42
324
86
20
96
441
390
305
176
116
1585
1719
1362
270
194
515
751
16
454
0
2425
960
1596
701
1043
38
209
85
816
2423
2335
209
2280
956
882
1748
1332
1111
323
2143
2412
1651
127
1232
393
123
1918
803
123
127
2287
558
127
1920
123
2057
27
378
743
130
2315
1600
240
2328
40
40
16
131
440
1068
209
1743
1687
1699
20
682
107
2088
31
16
2092
466
20
2426
1786
259
1305
1981
1729
815
1698
366
133
835
318
519
2157
769
39
163
1959
323
2427
2428
373
2429
159
131
510
448
2430
364
27
751
258
268
1506
270
1280
465
127
319
685
1232
785
1080
21
86
2218
195
836
1476
405
1007
1018
159
449
127
1093
235
889
466
450
1709
726
636
545
1280
1280
132
326
739
158
959
2431
1606
2302
675
55
2143
21
1630
2061
889
42
38
2375
209
450
2432
171
673
748
171
774
169
1113
128
1548
209
95
623
469
1586
1326
0
133
559
1521
515
1055
1026
2189
26
282
159
433
2433
672
2402
871
335
1823
1099
2062
2062
207
332
96
394
409
2434
320
430
128
1615
550
1246
1070
448
448
2435
55
2436
1144
980
736
1248
1272
773
1063
246
1803
641
55
366
668
879
961
393
107
344
2320
590
885
1024
55
344
16
856
1104
1416
92
1155
1321
2437
323
131
492
2438
8
812
530
16
882
131
16
668
510
16
221
709
127
127
2439
175
361
1558
393
207
16
550
2440
2441
330
1756
2232
1464
39
620
2442
466
1306
895
879
105
393
130
131
2011
22
2055
20
123
386
1756
1098
123
816
393
130
2443
1378
127
127
2441
127
86
1270
547
802
259
1283
879
386
1286
1981
127
1403
1139
1900
127
2122
1131
96
127
551
127
739
2444
1749
466
1131
393
1920
2445
298
1350
1763
954
2247
2091
632
866
499
2446
1772
441
245
1681
1287
1330
131
1597
1564
1169
1548
177
997
1645
912
1603
2026
2447
446
1420
1652
778
774
373
1420
588
1124
1897
359
862
582
258
605
127
226
1543
86
466
665
2412
1720
440
1131
1699
126
815
16
866
2447
40
40
23
20
919
1618
583
2414
16
571
1131
153
1474
1729
365
399
1605
602
509
2268
533
366
316
499
1177
2024
21
16
94
450
416
9
2159
445
21
2076
710
16
972
16
1386
533
75
16
226
0
78
208
172
776
105
2238
393
2285
740
366
16
40
0
39
1428
545
1757
1567
56
2028
1393
857
123
1408
624
596
1954
947
16
22
1717
2448
209
1439
2162
55
2449
2244
426
391
800
1962
1757
207
559
356
1113
1327
21
2450
1485
153
2451
91
8
1289
393
16
266
1902
692
201
2342
127
123
1100
551
335
1243
101
861
836
2110
659
676
802
1551
201
785
583
878
16
2452
642
1426
2453
127
127
2454
577
395
530
386
127
259
1489
478
780
761
193
298
129
1705
2455
1516
509
332
8
16
242
744
16
1088
1049
108
10
559
1444
501
1260
338
209
2114
399
749
1552
1067
253
198
344
198
2248
1046
299
1837
365
942
171
1744
2456
94
50
1253
1707
1684
1866
2265
1100
483
882
39
84
623
16
1132
537
882
16
623
114
1270
2295
246
464
133
1219
795
1531
208
997
1012
16
642
1603
2457
533
28
15
554
16
957
28
889
143
55
208
552
157
1053
868
885
537
759
16
816
2150
281
373
1892
682
198
16
342
16
894
71
1623
228
143
2373
723
1306
723
2273
1594
2408
433
1913
1202
148
1561
2458
213
795
348
2459
102
279
16
450
1546
638
16
1658
222
364
447
638
232
1519
129
1489
2186
245
365
450
77
72
15
1519
16
16
623
233
128
1217
623
8
1113
70
176
1151
28
16
19
723
769
13
757
1280
1641
443
285
889
2222
668
282
294
1609
8
2236
2138
71
2157
701
1306
681
8
111
71
711
565
515
16
28
2088
2130
356
1314
1670
286
2460
510
894
642
2252
1784
55
1366
991
477
39
77
226
0
25
451
972
998
789
1768
1725
1018
1076
795
453
769
1548
624
348
2461
935
94
2462
2462
16
16
2463
12
972
16
1645
223
2344
915
2464
209
1645
448
2419
687
417
401
393
1717
551
533
952
471
209
98
545
112
238
530
318
186
962
233
332
1362
1340
1064
143
2319
1953
158
1169
232
1180
2465
1452
1701
947
2291
2133
450
646
567
134
2405
1019
220
1548
1540
510
16
818
2466
96
583
1403
2326
1053
559
399
638
28
794
16
107
107
769
1449
2140
16
675
348
961
921
1160
22
16
2467
159
1556
16
196
642
425
344
897
1162
1162
94
2468
2030
266
319
129
46
545
2469
107
597
55
221
16
2146
1165
863
901
586
1064
812
2335
1989
1548
2470
583
1111
610
241
241
2226
16
55
9
365
55
428
1778
1883
715
725
132
1441
20
504
171
487
802
802
131
195
1583
1113
27
35
1485
510
129
84
446
215
1831
781
132
207
416
1754
997
878
1591
177
2471
1406
220
1441
1549
104
849
100
16
75
55
104
133
46
2348
591
733
55
815
1404
2382
1480
206
911
171
712
459
235
195
16
16
586
171
1108
177
195
195
22
1468
502
586
1907
1703
953
1837
517
63
1516
27
143
16
1637
32
292
2472
223
0
703
742
56
95
285
2376
2211
2421
638
547
508
536
20
2026
235
863
79
879
139
952
906
141
439
1595
166
1080
223
1996
1920
902
94
16
1190
960
1620
1849
7
290
1570
948
16
1982
16
108
2473
1420
20
2152
599
1428
131
27
16
450
1497
2141
399
399
323
318
1000
107
665
495
2474
786
2467
16
39
2112
2250
711
55
86
792
1228
2135
55
292
2475
448
1820
1180
808
1661
2476
697
695
282
1920
324
1331
1759
822
0
2383
1068
424
416
289
668
217
1375
875
422
2477
39
16
38
94
359
46
71
158
1376
456
953
77
95
464
16
682
453
953
26
583
443
828
1140
292
451
143
77
450
732
16
2478
55
124
863
2467
943
947
533
1178
925
16
158
2215
247
645
1088
936
399
466
1868
16
807
15
2479
1420
16
552
1091
2050
746
55
2480
2481
104
105
58
1392
292
131
1054
86
1167
332
614
255
2482
629
292
1189
1050
697
1719
358
413
586
16
16
279
1834
167
2387
16
623
831
83
216
941
533
267
456
1723
773
605
500
199
1367
2339
2483
375
1145
786
249
208
16
559
356
409
108
668
1436
356
1384
420
56
1037
1231
1231
2206
248
235
2484
1262
1754
95
755
252
236
707
144
800
739
1107
282
914
401
2264
620
133
577
1117
2485
2210
702
687
638
807
703
701
904
340
269
1774
0
39
2482
674
374
94
543
1321
518
440
316
577
38
1760
56
1022
448
356
1477
965
57
39
92
16
46
897
1667
1817
252
1540
1819
1515
250
82
82
1828
1574
1193
16
1196
1416
2013
39
1142
1079
986
1077
2334
792
94
623
130
261
225
2486
1108
107
198
16
16
2487
533
55
761
232
1773
1606
646
892
77
153
2150
1111
26
20
989
448
662
1072
128
399
739
8
483
104
365
877
133
393
608
506
48
163
1336
713
2291
1402
55
427
2198
508
1317
1784
1476
198
863
1362
638
1020
1260
1771
20
16
182
1248
428
583
856
2488
466
1764
92
2461
177
1933
244
470
1082
2128
1494
368
2095
108
253
384
373
907
22
1892
71
58
1064
1939
20
355
1625
8
530
399
1521
16
814
16
22
16
2046
2208
423
2135
2489
365
586
1088
86
1538
1687
2490
148
84
972
890
510
86
361
16
571
665
481
802
134
198
902
676
399
605
107
2471
441
1072
1506
356
789
1293
793
1343
2491
20
624
697
84
551
46
1387
1791
226
1453
481
2260
623
208
231
269
2492
1100
104
1154
171
2150
1535
269
153
638
2369
510
510
108
703
2464
42
786
1604
393
1064
1442
571
130
1212
443
443
1080
96
12
8
839
2320
39
27
1620
559
359
1034
22
1489
15
1009
2204
2493
1154
344
2494
16
279
458
148
1005
1265
94
2365
0
0
94
1789
2495
519
1891
28
1034
365
623
285
1876
816
1265
48
209
1080
1788
26
384
2425
571
2496
1983
1868
727
2497
1088
1020
1056
261
2498
107
692
71
409
886
323
60
743
365
2499
2211
2273
736
1975
450
623
672
1399
16
55
1421
448
2500
540
623
84
195
114
163
2375
86
1076
188
2501
2501
620
9
171
107
627
133
20
55
1718
208
265
1516
201
701
399
1639
2502
322
265
2503
39
1462
8
1914
39
518
1486
131
2407
55
626
1511
1448
1394
426
430
1070
435
948
1367
1807
847
105
2504
1903
16
2078
55
479
1144
623
348
2505
2185
22
1805
154
48
1064
1630
486
1783
2238
172
530
16
1186
872
1915
209
896
185
2506
1938
2292
451
163
163
725
2320
1093
946
682
1384
2507
1511
231
2043
1069
393
16
642
2508
365
1882
338
1804
169
2198
522
20
522
214
221
756
2509
222
198
16
55
255
186
920
1382
317
2510
795
1540
245
83
1511
90
1996
98
1263
48
342
2292
1436
39
62
946
579
16
1497
365
1548
1179
284
399
31
675
1026
203
819
1439
100
323
39
20
399
1177
230
108
992
439
363
16
1719
26
108
2511
305
1231
2512
209
55
139
390
46
163
1861
2271
786
563
822
565
822
822
484
563
771
372
465
86
199
366
90
25
682
230
450
344
1020
2513
1475
344
559
416
77
1860
1228
133
16
90
993
96
2406
2217
2386
787
899
892
985
986
953
94
830
1588
2514
1390
253
800
800
685
961
16
262
513
537
130
1203
559
1034
802
2207
0
489
1420
1935
201
797
2515
545
405
84
1399
220
1515
922
1903
292
674
674
55
2516
55
879
207
810
1178
20
20
55
506
868
565
20
282
186
1314
176
206
2221
2517
342
2489
1496
1171
20
751
536
91
209
596
2518
1407
323
16
1574
952
623
84
235
1484
8
373
8
1076
373
554
39
340
1526
495
623
399
892
16
16
533
946
856
149
16
232
412
557
82
1666
445
445
87
87
55
131
20
439
238
1074
1420
674
915
1000
84
157
513
1392
1270
1518
2519
1540
207
86
133
1902
938
1879
1421
2074
1045
61
731
2520
20
1879
2157
16
1448
108
1243
751
126
22
893
173
1150
2372
1113
1121
16
77
16
84
1509
292
1473
1837
1245
890
72
55
39
1079
869
2521
16
1753
717
124
217
2185
2149
55
621
2200
384
230
50
571
131
323
91
1423
441
1124
692
430
531
573
1013
323
47
55
439
1805
344
1248
56
318
1523
365
1806
1051
318
1062
1476
258
32
177
497
16
1750
1243
884
1010
2325
344
365
2522
2421
504
100
1254
1123
324
1219
953
1648
16
692
863
94
383
583
373
450
1495
1595
21
9
1915
571
1662
623
55
462
365
785
16
86
1384
1969
2523
397
1050
623
209
16
2112
791
131
1331
1434
2524
131
703
1031
1485
366
114
668
756
288
2525
366
202
595
71
1539
39
345
107
443
1270
1525
1302
16
908
2062
614
963
39
114
131
1525
873
957
1440
177
208
331
2497
456
1256
22
177
405
133
669
55
195
195
1953
1447
133
2526
213
71
795
2527
1475
997
583
1888
935
104
1384
807
433
2528
1012
78
1878
9
1772
128
16
16
1404
206
1091
1645
245
530
108
1629
261
1131
931
518
1396
1516
826
802
785
758
1080
86
763
1899
418
1430
228
1905
1223
1724
895
16
918
16
71
365
1034
906
2529
42
16
600
56
393
992
1843
2107
2530
1863
2531
638
291
1257
2182
1548
423
16
1678
131
299
39
55
55
552
285
2472
8
693
1093
1031
310
450
510
208
2448
28
399
660
1937
1163
545
545
20
100
104
16
128
2532
1246
617
217
2197
1027
2157
1154
8
133
133
1079
1589
344
2235
1029
697
2529
1275
428
761
2219
748
751
701
710
8
16
570
1252
1078
2533
1124
1863
338
1811
132
1327
1548
1477
953
515
2374
577
399
323
131
717
63
2337
292
131
292
2467
15
863
1628
863
802
882
441
1062
2325
131
954
2534
2535
865
2536
1138
952
926
1062
1080
1960
133
2537
177
20
393
1243
1819
86
1434
623
691
2323
1767
1089
1851
38
1379
16
2201
1433
371
2048
450
292
16
590
724
876
16
439
777
1359
1859
550
1071
1869
2538
2213
1051
2539
1186
358
2072
1104
2540
994
2305
1835
596
440
39
176
1610
2541
423
449
1573
55
39
22
2246
171
1115
70
1260
1724
309
547
2064
20
638
275
55
571
2542
356
986
448
898
251
1351
16
2305
217
16
925
207
1736
671
16
16
583
773
571
1180
282
140
899
131
95
95
1800
2543
934
1652
1393
40
571
2225
134
1514
1642
2544
974
2334
2545
264
495
911
16
405
1479
348
8
28
195
334
128
16
1544
46
929
283
435
2090
466
861
571
132
209
2546
21
188
970
630
938
1451
1462
285
2547
389
16
495
629
2548
318
1974
1314
546
1234
2234
108
90
16
813
131
1559
244
46
46
534
2549
1746
1743
670
527
156
749
127
1588
1184
1795
953
953
259
1755
259
20
127
1413
94
2442
1909
786
259
123
2550
441
142
16
123
1338
399
724
399
393
466
123
895
393
223
1335
16
133
524
1259
608
954
1479
2065
208
483
974
2375
1198
1597
8
0
1678
719
389
380
423
2511
1432
2551
1163
815
856
939
1783
16
261
198
16
1741
16
16
384
502
1892
822
2552
1250
2553
1011
16
2485
282
323
108
323
2554
133
2179
948
2330
2431
812
16
662
453
453
1138
8
423
1772
286
897
1449
506
11
1418
1314
458
127
207
710
2346
572
2164
725
509
22
1781
668
1546
990
789
451
1103
765
953
1409
131
506
718
120
466
2260
953
16
16
1169
75
183
96
1678
2555
545
925
73
583
399
638
271
577
1433
1656
39
195
1247
15
43
208
534
21
1270
2133
2253
1196
674
70
1123
90
953
1154
27
1599
384
2556
2142
631
2557
1076
100
261
20
16
2496
563
2507
991
509
1031
1162
304
550
608
0
596
95
733
249
207
123
396
127
123
127
466
771
198
84
1544
1991
201
127
259
1744
20
1756
2025
20
276
393
2317
90
986
2086
2558
148
86
1092
137
546
902
1185
1552
15
1236
67
131
1294
201
373
605
1257
697
4
399
1468
209
1515
1770
2547
0
127
1912
440
71
55
1893
393
15
1062
2352
533
545
533
835
1526
66
453
16
40
1413
39
775
279
39
128
2559
249
1155
450
1282
559
2560
830
918
8
1610
134
1752
2561
187
2077
893
1246
261
2558
55
1865
623
621
911
15
559
202
323
15
1174
621
222
670
910
377
1180
8
734
2263
22
1865
2297
1016
101
2157
586
221
547
710
2562
1586
255
233
810
2131
1733
159
2422
1868
265
953
495
373
915
2563
55
365
2075
674
22
1037
708
466
2191
689
108
2403
1586
365
55
2075
506
530
648
207
703
794
1416
740
2279
172
399
495
546
506
546
1434
844
231
2564
132
55
133
1248
55
436
637
1328
1275
297
284
31
265
1652
22
875
1236
282
1522
261
802
107
856
2565
192
22
1812
22
1177
2320
292
875
282
1443
282
844
302
623
623
1264
932
1866
1989
1629
1141
1472
1027
2566
79
1100
560
2497
571
644
209
1232
1040
2205
76
270
133
495
388
40
186
1549
848
1486
665
59
20
675
1459
164
772
202
16
2567
534
1612
2330
15
674
958
743
2568
997
261
275
774
530
530
1697
495
230
669
86
86
59
711
2403
1180
1404
1199
2196
38
374
107
56
1434
199
2260
689
199
1871
1535
1199
2511
2569
1622
1068
386
1290
1755
127
1938
880
971
127
554
217
2365
7
1609
1457
19
1333
736
16
1020
1132
1389
1136
209
55
373
0
940
16
170
137
177
94
1667
544
55
450
96
2207
55
510
378
226
1726
717
477
786
8
2570
682
2264
1463
2571
26
1742
116
668
130
1134
39
1287
316
207
433
195
2242
189
16
1108
1548
1551
385
1045
2572
231
1228
2573
642
318
1287
107
430
1947
1627
318
16
365
127
20
2343
259
466
134
697
55
255
2067
104
96
95
131
15
133
352
286
723
2231
2574
1687
2399
2123
1548
890
1217
1226
1226
558
2575
530
1719
1684
514
2576
370
21
1356
1563
556
356
397
228
450
101
638
638
231
1356
416
177
1260
192
11
94
1253
1741
982
1357
379
1030
1226
660
244
795
2415
2184
920
682
1242
16
1839
586
55
665
133
143
2577
848
39
1038
565
2578
1815
344
2254
574
879
668
703
2480
1180
2350
279
283
2150
2579
358
2580
1064
16
1129
1095
1544
328
836
344
408
238
100
1632
670
72
1402
2581
638
370
282
68
1679
48
1764
1092
171
546
46
510
209
816
631
559
1061
71
1791
668
366
126
2205
96
800
389
1007
342
365
2582
2522
545
2583
55
402
1401
22
2584
131
731
2585
2586
638
436
1340
2454
831
2587
86
22
371
16
551
16
559
713
1692
1029
2462
384
1180
2588
301
2589
1935
55
55
725
761
1925
259
1124
2590
1131
763
394
1918
670
895
16
40
1920
1978
334
334
1600
16
1916
207
16
1059
21
19
313
127
127
2394
2025
127
123
394
2002
8
1909
1896
123
123
127
2550
2239
441
198
1861
1803
1320
1686
16
269
552
297
217
1525
590
71
1457
1388
2240
15
2267
510
436
1092
1180
206
575
523
1129
1180
545
571
840
687
39
131
344
39
1110
131
944
2077
2585
132
1642
545
27
2048
292
708
15
904
261
16
133
222
1682
778
140
547
1440
288
2591
131
862
2592
426
2592
426
16
1886
549
1354
1726
559
0
1072
423
285
418
94
39
1487
2240
2593
2415
160
2171
428
870
74
716
55
1580
75
55
786
82
104
70
40
559
209
209
284
1772
1772
131
373
1247
1386
1421
748
1433
292
1330
2594
2595
344
1024
353
59
499
21
283
387
55
2382
2596
887
2597
974
2598
1126
2458
1369
1707
769
2419
665
897
195
116
547
1580
16
321
2401
804
1476
1923
127
2176
40
335
433
1800
40
86
1703
1703
11
974
48
1894
397
2599
1454
254
566
55
2172
154
822
163
2007
1237
1266
436
436
2402
904
1752
94
39
1252
2600
1018
1199
71
533
1231
997
162
195
779
1784
1114
270
2276
2083
1204
133
518
1265
969
550
130
1034
346
157
2360
1901
890
163
2601
1043
20
844
2573
133
16
901
111
2473
1340
370
55
802
1901
2132
1625
731
832
373
373
55
1214
196
2602
118
159
55
153
2208
812
209
171
171
1660
2603
356
16
945
2604
55
16
153
138
2605
668
59
292
16
668
510
986
16
55
173
1434
16
114
114
292
1339
2305
351
86
16
2606
0
2607
39
623
55
990
401
802
2336
1423
1419
1975
318
94
71
131
1098
2226
8
1681
16
623
2476
1198
647
2338
2074
209
214
67
2608
1746
1420
365
818
771
344
1420
898
16
16
919
8
131
725
127
94
1020
1717
513
2166
1327
87
723
25
1517
687
848
1349
16
40
1918
2609
1783
225
56
484
2254
130
586
1898
16
2610
626
2611
2612
0
1714
138
1214
399
863
700
1072
1280
282
597
40
32
26
283
283
676
40
2613
534
1119
1237
2298
2614
131
131
132
2615
558
21
16
687
16
653
1920
46
1644
2335
16
1420
16
1154
1133
2616
1124
646
118
1052
1116
697
697
1088
2032
2425
1666
69
2345
441
123
2485
1604
2594
2456
1180
332
292
1247
1676
127
2617
499
261
1537
132
2617
1012
16
59
100
753
245
621
16
77
498
8
346
2618
892
530
16
1299
515
1352
1827
344
2619
1024
348
303
682
2620
1329
1373
731
533
77
83
1809
986
1074
38
953
84
1506
1506
2269
1275
131
143
2352
1064
1624
181
114
572
55
546
973
241
365
1931
2621
16
56
100
974
209
173
328
2328
810
896
501
133
133
2253
305
769
1420
986
550
550
282
1122
15
536
344
547
318
209
1451
713
16
1719
108
199
674
365
826
802
1074
499
515
789
857
815
313
48
55
199
2579
133
544
1511
620
1287
1272
547
231
261
2072
466
1106
399
264
16
1180
610
766
2233
2156
649
16
272
1051
1199
1605
26
401
338
571
275
426
55
1846
2169
668
1301
16
835
22
522
1199
628
2502
877
399
1784
451
533
365
499
769
1716
195
1728
961
1901
836
2344
72
71
881
2037
602
148
1783
751
2205
1819
1593
2320
253
1330
1551
282
583
2622
2623
356
925
743
166
159
605
225
879
2624
54
879
1650
1742
762
687
2154
1811
143
55
420
1232
16
1779
855
27
1045
347
131
370
762
1074
769
111
181
448
62
166
786
57
957
2271
510
1842
15
571
271
668
1157
16
56
504
806
55
1726
380
672
389
890
638
596
1248
1248
198
8
2107
830
1866
1719
47
132
1760
231
1991
428
333
546
1459
2536
2106
332
1313
2625
1293
1447
1667
55
1094
22
39
58
531
206
571
172
203
46
1347
456
16
1248
771
2626
731
851
55
656
919
2334
2334
16
510
1507
450
1165
197
28
1533
2627
2242
753
509
55
16
2566
77
1622
55
323
279
230
109
1329
21
2238
986
57
1264
335
71
16
116
968
131
345
1282
1903
2628
2629
16
292
2630
16
2630
349
282
1846
1066
835
399
533
1548
64
207
659
20
813
1307
2060
71
197
530
181
2631
2559
125
547
16
1095
2234
1406
16
55
35
619
16
2632
596
1509
2032
71
2375
48
879
1234
364
127
530
1045
2633
2634
62
2251
386
1751
2040
2040
1803
1756
123
142
1282
2635
2334
545
1714
487
1024
800
20
436
1205
428
365
20
2454
2308
55
57
338
114
2636
2523
1095
1655
323
2292
353
40
294
292
545
1042
189
92
166
2533
1915
177
2054
502
1336
741
530
530
55
2412
769
841
2637
1199
269
316
2638
393
562
2522
664
986
1931
1027
20
20
83
1756
318
2639
2531
1900
393
2451
21
2428
2032
226
393
142
16
56
762
1340
1488
393
238
344
51
2292
16
2139
71
71
1931
16
668
1080
2640
1739
2641
133
154
1601
546
448
344
247
2279
2297
623
623
83
550
550
1570
55
55
550
2642
318
1538
365
530
1088
550
55
55
1004
1068
1453
134
1088
2642
1996
959
55
623
2335
265
181
2546
23
1909
2643
1418
546
1183
208
1122
1195
293
209
617
515
264
150
127
127
1059
344
1751
954
84
84
2426
2035
261
2381
127
1756
558
2644
441
88
1403
895
370
1750
1703
1045
123
86
974
120
209
127
1580
1440
1522
466
393
351
393
2001
127
127
731
123
1059
127
16
2002
1755
20
1324
1646
16
225
1722
2339
976
2645
441
2379
199
0
1565
604
16
653
941
1314
127
375
127
127
919
393
655
536
70
127
1131
127
21
1131
1287
1789
207
1024
332
456
1484
572
2646
678
40
133
802
889
127
393
530
393
21
2214
428
846
608
856
2647
2315
16
510
675
114
2498
2620
195
740
1019
868
1313
1101
1726
16
2648
855
133
1041
1756
533
386
16
1707
1349
2032
259
951
101
150
2649
758
1720
469
2576
7
404
16
1321
1011
441
623
137
546
1540
638
16
2352
510
238
510
123
1416
1280
1396
2650
2651
2651
795
127
2343
668
1248
1038
1498
793
759
1629
995
2400
1132
642
952
16
55
787
733
1485
941
58
127
668
2257
2296
104
248
16
434
647
614
2145
542
2320
16
2652
104
344
546
546
1548
668
1526
1934
127
127
1744
209
530
2451
26
207
209
1049
16
545
789
208
1205
104
104
255
317
531
1421
2295
2338
28
545
467
59
952
537
384
123
16
16
28
195
279
499
737
674
759
370
1420
377
2653
918
1965
192
583
715
55
448
504
216
1629
2310
1265
262
1245
961
195
61
134
1809
186
2266
40
364
1174
952
2654
149
443
261
101
744
2655
1212
0
323
674
1253
695
443
320
1314
728
235
881
1199
380
583
869
40
61
583
835
461
1247
16
16
209
1088
171
302
1248
129
436
1420
1475
550
716
908
20
1329
899
2656
349
1109
1001
316
181
393
1792
418
969
16
253
365
834
2088
365
705
547
384
182
2212
1585
22
2657
1528
523
233
202
202
90
125
547
261
261
15
1050
1255
1386
812
762
2130
1177
2018
2160
16
2521
653
435
1287
1287
2196
794
1463
975
1124
2658
668
96
366
67
86
1064
16
1418
2048
665
2602
1398
2581
1503
583
545
269
208
1045
84
246
1328
323
499
70
16
611
1131
393
393
638
2454
195
631
2121
127
2451
845
55
571
135
2659
401
544
20
34
1548
133
96
0
990
1531
142
393
1278
1755
2046
1755
342
16
1629
2660
96
1698
863
483
2326
2389
202
793
892
365
1139
264
2661
302
2380
39
306
515
441
123
1803
954
954
2662
546
348
997
1535
39
1257
1257
405
195
94
545
972
104
1421
285
195
2663
365
248
2114
16
1920
509
990
301
1696
209
127
51
2005
84
1933
2328
2664
769
623
361
751
114
415
1255
1896
81
445
803
2665
2666
1035
1940
16
1027
1970
685
292
346
751
607
181
39
170
181
972
1880
2477
1607
22
544
71
488
715
365
365
1642
1104
440
1945
2667
490
55
1712
67
534
918
793
20
964
1027
16
321
786
668
16
2512
71
560
941
143
515
653
612
16
243
2013
83
131
1475
812
774
53
1678
39
26
1954
1031
16
456
86
671
86
1313
157
176
399
1184
944
103
2638
648
399
1124
16
1884
1613
515
561
653
20
414
579
34
109
2132
2021
1095
802
1523
1523
1277
1028
545
269
85
902
840
298
2025
259
558
393
1646
127
2380
558
323
142
393
393
1920
1114
137
123
127
55
646
2668
2154
1708
1097
533
971
55
1896
1342
673
642
1327
232
1124
1902
55
254
55
546
2467
297
436
436
131
366
7
85
1454
589
348
2357
1711
1260
1099
71
679
38
2662
105
957
916
786
55
212
112
120
20
1260
1222
958
1068
345
344
888
366
270
365
803
1522
49
300
404
2514
2106
866
1660
665
1498
292
1498
226
2238
2669
1174
2499
86
1133
761
16
2238
2670
1355
392
123
123
1426
1088
1544
559
195
2340
21
386
2412
879
39
466
466
142
314
346
292
653
2251
2309
384
530
747
207
1205
2671
104
797
1408
1090
37
16
55
149
957
443
797
2595
248
1067
323
120
323
153
2137
2643
2620
16
665
1821
1178
324
986
674
524
2299
386
1139
2545
206
55
1893
48
20
127
2578
701
133
1228
1327
169
131
2194
16
0
393
670
207
409
15
1743
287
2269
767
705
2607
2205
1257
127
1651
1755
0
638
1558
1054
2672
1793
1746
2284
16
161
365
77
53
131
2190
1312
2673
611
769
1352
571
545
2282
365
22
70
2674
2660
708
55
38
1806
217
2675
100
112
131
694
546
348
1808
789
459
2114
2676
38
118
705
586
488
1548
16
1726
776
131
2053
585
1533
2026
829
10
1420
675
209
153
1087
2278
2206
1774
2524
373
20
1115
20
768
717
607
20
16
441
2623
1080
186
101
890
290
518
466
77
2644
673
92
499
790
920
104
282
55
9
545
1181
2677
668
328
580
1532
1729
0
2154
1280
157
0
976
1228
1291
1109
133
243
130
1245
771
46
16
1260
2127
952
497
77
505
655
1681
1160
1338
453
430
1162
1656
16
941
1819
1961
1714
208
545
2678
69
201
2679
974
249
348
255
2680
127
2681
40
163
1177
1052
715
159
802
1175
1088
243
131
1034
1694
16
1559
717
1324
161
515
90
1005
380
67
1315
16
586
1130
510
446
1077
2458
571
1700
2676
1596
2467
647
1540
2291
1253
647
177
1484
46
448
590
542
191
1376
39
1480
107
528
528
356
962
2682
794
2493
1420
134
15
953
109
577
577
27
456
1420
93
946
1556
403
68
8
1384
499
131
831
162
2683
1881
225
8
476
2684
1203
70
91
1523
16
1711
1578
92
16
16
1154
95
1449
84
166
2043
545
1920
812
104
862
16
2103
789
399
1345
1034
191
2392
204
0
441
16
209
1404
169
545
686
583
749
208
40
312
583
1817
703
39
16
550
542
2213
67
85
1477
1024
101
1230
682
1376
208
208
947
1141
205
48
536
95
802
108
735
2436
208
499
1686
2652
1048
220
1207
39
1072
8
8
713
2157
2254
96
902
1658
38
638
86
100
148
953
323
1935
55
55
1827
26
1334
55
20
911
334
35
647
2274
1009
281
716
245
676
251
2685
55
623
323
2124
26
2410
623
852
153
77
1819
2574
347
703
2196
208
1710
1509
1156
94
623
16
16
198
55
399
1074
673
672
16
1231
1720
504
2686
892
2445
1313
970
1747
39
2112
1366
2229
1649
977
583
607
230
728
2663
827
827
2687
530
2126
2688
1063
708
638
209
75
2467
2280
16
1980
127
55
133
131
466
261
1140
0
1799
654
1551
884
1187
292
547
2177
538
124
912
1032
86
55
1042
644
16
1837
2341
305
109
209
2689
510
668
2690
216
2182
949
810
1070
668
1585
1134
997
2691
590
685
957
320
745
323
2559
16
171
530
856
2692
1194
226
225
86
323
2365
2627
789
638
1015
2693
2694
1278
886
2640
2539
1356
21
436
365
490
509
2298
1740
142
1778
1461
980
365
2488
1065
1841
1044
2196
442
1601
2695
399
86
1718
130
334
284
284
583
571
15
436
393
1144
2157
1872
55
241
39
393
127
2033
1378
55
2590
466
530
1403
386
2428
20
1491
876
607
16
1243
1680
821
544
969
620
1026
44
15
46
130
2585
1215
284
2696
2697
711
1537
1718
37
863
0
693
131
143
975
226
197
59
1595
499
2309
2105
1495
530
1282
195
2698
1424
212
879
571
55
1072
2355
133
133
1793
911
100
173
1461
209
576
818
282
16
1282
22
510
344
237
131
206
1707
55
2008
1043
55
1632
59
2145
292
2699
1041
55
2700
1791
28
2104
1665
510
1903
344
443
16
16
1038
1260
268
250
20
2347
20
1739
664
86
21
292
657
805
365
131
2062
55
131
565
16
60
590
491
1371
641
1526
2701
802
947
87
846
1502
697
668
261
282
690
2264
198
133
15
69
16
436
2152
51
1717
2702
366
668
556
185
544
505
1535
430
2560
685
544
1167
2703
2559
198
86
1265
16
602
323
1043
731
598
834
201
207
86
1287
16
2249
481
546
546
997
1289
2704
1567
1718
2705
1767
100
1248
668
510
261
24
742
821
559
311
125
116
623
373
373
2309
2144
130
729
924
2403
616
1478
2585
108
1329
844
366
853
2706
169
2422
2707
2044
430
669
40
181
86
323
1880
2708
1843
573
16
16
1205
1010
39
267
510
128
185
265
170
179
16
171
1010
990
55
765
164
71
638
879
1348
448
40
344
131
2173
448
20
2709
506
1269
552
46
446
856
2324
8
1163
1787
2706
18
536
1350
282
1475
1321
40
292
1475
21
661
292
16
128
1080
366
1369
510
674
55
621
1254
108
221
135
177
1095
2586
1418
207
221
200
1724
1209
458
344
209
547
1459
86
2197
39
2519
1672
1095
2710
1693
573
130
1847
297
1774
802
282
1134
131
46
481
153
401
153
614
668
655
603
262
2680
2011
22
531
2157
551
1329
292
504
202
201
1348
37
268
1763
1878
357
495
2210
84
952
2467
248
802
56
1734
2473
1515
108
22
1498
692
58
206
2019
131
2185
230
16
16
632
495
656
16
1890
1282
2034
55
887
226
71
131
565
899
986
997
344
674
2355
2711
430
16
242
131
448
2255
1935
716
198
1341
206
131
1939
565
130
365
34
16
131
542
55
1249
2652
16
196
1595
86
435
2712
288
342
975
1348
1755
2713
197
846
1284
2592
365
994
1000
1088
134
571
261
591
344
547
1428
1631
1436
1862
2540
2714
2013
736
1095
39
1133
1148
39
886
1309
523
2172
16
1287
231
765
554
8
80
58
497
1560
68
583
1249
1485
2585
1581
797
810
810
1088
665
1080
1088
518
16
2715
2716
1095
892
1910
2717
60
125
2688
232
430
428
1266
573
107
2718
325
583
895
39
409
1095
409
1925
423
886
98
90
16
16
127
371
127
393
1139
226
1775
2024
2380
21
21
2465
508
1904
95
2719
2720
282
1255
2412
20
2451
127
21
21
879
395
2415
2719
21
2003
259
123
123
1131
466
386
919
559
895
895
1563
127
21
441
1744
2165
1757
1095
1307
16
868
1740
130
395
127
20
393
1816
1307
538
436
1290
1209
55
1281
19
764
2572
1655
1260
127
2094
2649
2033
451
967
2394
293
2245
982
32
2096
132
760
565
583
836
813
1307
668
1333
210
2523
2184
418
670
20
436
558
2340
394
548
1748
1403
386
2514
117
513
716
55
2721
342
171
344
441
530
127
583
123
393
16
816
2064
2025
123
127
1900
393
21
1745
127
2032
142
20
2138
16
1925
207
132
1450
204
111
1837
879
864
55
131
16
16
176
1573
880
1716
631
547
55
1706
2273
835
1883
1095
245
2586
1095
142
1148
123
22
1131
294
313
393
2722
1298
2723
1390
186
2111
789
301
1601
1302
833
448
769
607
1318
19
459
1915
1560
1351
778
261
594
879
373
94
2339
71
1742
348
365
882
1866
1379
55
405
594
28
16
1062
953
220
77
1068
1425
16
16
10
1068
1449
292
1340
1332
253
533
230
1687
38
16
372
1007
1174
1151
82
95
542
1468
459
1772
71
28
16
399
284
712
2724
822
16
376
2313
1088
2171
1998
1057
107
107
55
249
1494
315
71
268
1388
208
692
1042
1782
2532
389
499
39
459
143
1690
823
409
1752
743
1037
289
625
1095
16
2694
2307
163
16
2286
16
40
401
1777
107
743
2369
523
1024
1147
763
2571
2124
763
2725
1094
1996
647
11
1488
1453
1095
2257
86
1095
1582
1066
2718
843
86
1861
1095
1148
114
1095
50
2539
365
958
886
370
198
943
1287
95
1253
2224
318
1459
116
2689
26
574
1504
2726
844
399
547
547
1459
1124
344
148
8
28
22
240
55
0
1009
1027
1551
401
1517
1260
697
1449
282
1497
186
26
258
209
56
1714
483
1095
2727
1866
1683
163
2728
953
1288
223
1183
1738
195
59
342
16
1825
583
749
694
1180
1930
440
46
370
133
2042
168
96
1265
38
252
1345
84
2250
774
63
71
